image_width: 1280
image_height: 720
camera_name: narrow_stereo
camera_matrix:
  rows: 3
  cols: 3
  data: [1160.736528, 0, 653.978809, 0, 1161.748712, 406.839828, 0, 0, 1]
distortion_model: plumb_bob
distortion_coefficients:
  rows: 1
  cols: 5
  data: [0.093667, -0.315369, 0.004624, -0.003362, 0]
rectification_matrix:
  rows: 3
  cols: 3
  data: [1, 0, 0, 0, 1, 0, 0, 0, 1]
projection_matrix:
  rows: 3
  cols: 4
  data: [1159.414673, 0, 650.573426, 0, 0, 1168.983521, 408.225780, 0, 0, 0, 1, 0]
